codes <- list(51011506022,
              51011506032,
              51011506073,
              51011506082,
              51011506113,
              51011707012,
              51011707023,
              51011707032,
              51011707043,
              51011707052,
              51011707062,
              51011707072,
              51011707082,
              51011710012,
              51011710022,
              51011710032,
              51011710042,
              51011710052,
              51011710062,
              51011710072,
              51011710082,
              51011710093,
              51011710102,
              #  51011710113,
              51011712062,
              51011712072,
              51011712102,
              51011712113,
              51011712132,
              51011712142,
              51011913062,
              51011716011,
              51011716022,
              51011716032,
              51011716042,
              51011716052,
              51011716062,
              51011716072,
              51011716082,
              51011716092,
              51011716102,
              51011762011,
              11212008012,
              11212008032,
              11212312073,
              71422701013,
              71422701022,
              71422701032,
              71422701052,
              71427306012,
              71427306022,
              71427306042,
              71427306073,
              71427306083,
              71427306113,
              71422707022,
              71422707042,
              71422707062,
              71422723022,
              71422723032,
              71422723042,
              71422723063,
              71422723072,
              12414604063,
              12414604092,
              12414609032,
              12415016021,
              12415016032,
              12415016042,
              12415016063,
              12415016073,
              12415016083,
              12415016092,
              12415016102,
              52615302072,
              52615204082,
              52615204112,
              52615204192,
              52615205012,
              52615205022,
              52615205033,
              # 52615205043,
              52615205052,
              52615205062,
              52615205072,
              52615205083,
              52615210022,
              52615313012,
              52615313022,
              52615313032,
              52615313052,
              52615313063,
              71422701063
)

